0,83807 -0,15442 -0,05112 0,76005 -0,60557 -0,97559 0,06709 0,21841 -0,75454 0,77298 0,68383 0,78843 -0,88972 0,23090 -0,76655 0,39455 0,78424 0,49457 0,30849 -0,94037 -0,28197 -0,11869 0,20819 -0,90414 0,22030 -0,65845 0,01441 0,18013 -0,08011 0,92245 -0,97055 0,81050 
0,32027 0,15706 -0,94090 0,50203 0,60351 0,68181 -0,05041 -0,07253 -0,37069 0,74526 -0,12024 0,22110 -0,47066 -0,62094 -0,23110 -0,26707 -0,80251 0,21287 -0,99630 -0,75203 0,17744 -0,69019 -0,37664 0,04945 0,85721 0,92045 -0,11913 0,37648 -0,47615 0,72103 -0,15158 0,85243 
-0,30382 0,19837 0,51515 0,49851 0,05538 0,69429 -0,66669 -0,32329 -0,70659 0,10920 0,23324 -0,88846 -0,02061 0,62160 0,55036 0,99938 0,74351 -0,07332 0,56658 -0,41501 -0,67562 0,54025 -0,94587 -0,72173 0,07565 0,85785 0,45024 0,76552 0,10471 -0,12120 -0,93437 0,28715 
0,26718 -0,42887 -0,53456 0,65474 0,05558 0,39044 -0,88367 -0,83846 -0,25625 -0,16688 -0,43439 -0,02167 0,62316 -0,06362 0,22278 -0,49312 0,87662 0,94558 0,65398 -0,71483 0,23410 0,99394 -0,14232 0,71002 -0,93010 -0,57393 0,68775 0,16573 -0,43209 -0,23337 0,72060 -0,89463 
-0,30970 -0,10143 -0,79680 0,55061 0,96393 -0,20707 -0,97552 -0,74246 0,67368 -0,48679 0,96124 -0,94055 -0,66643 -0,50119 0,34232 -0,82068 0,17024 0,12980 0,50820 0,93980 0,65403 -0,76387 0,07700 0,88817 -0,71312 0,76647 -0,91580 -0,31235 0,30726 0,21956 0,08558 0,45371 
-0,30790 -0,22752 0,29269 -0,09687 0,56197 -0,29663 -0,67916 -0,07260 -0,92909 0,56011 0,03355 0,70987 -0,99927 0,86821 -0,75473 -0,88138 -0,44806 0,01284 -0,15026 0,53720 0,23635 -0,60638 0,90174 0,87104 0,11166 0,38407 0,77889 -0,51372 0,11805 0,94961 0,93452 -0,39830 
-0,07170 0,23347 -0,36248 -0,19140 -0,20915 -0,18344 -0,35042 -0,43535 0,46519 0,45691 0,00962 -0,79557 0,08755 0,13451 -0,21374 0,05778 0,54531 -0,72456 0,52870 -0,76955 -0,93811 -0,97786 -0,96548 -0,67077 0,36323 0,28238 0,63811 -0,30747 -0,94741 0,65743 -0,65880 0,47363 
-0,50070 0,61673 0,85210 -0,37545 -0,99914 -0,41997 -0,12038 -0,66260 -0,35339 0,48244 -0,54244 -0,72104 0,17039 -0,96215 0,53740 -0,87188 0,46499 -0,79405 0,67589 -0,37089 0,52866 0,69091 0,97046 -0,35303 0,41221 -0,88031 -0,72746 -0,11678 0,72969 -0,59725 -0,29216 0,39256 
-0,74040 0,60208 -0,26940 -0,48989 -0,91603 -0,24309 0,05154 -0,46787 -0,45007 0,83339 -0,73601 -0,72333 0,41640 -0,36160 0,76425 -0,64143 0,53416 0,80586 0,86423 -0,20299 -0,74590 0,57070 0,12854 0,69328 0,06606 -0,81635 -0,31000 -0,90667 0,40685 -0,69988 -0,66701 0,49177 
0,33844 -0,79792 0,94040 0,33147 -0,99061 -0,23027 0,29413 -0,10259 -0,55286 -0,25408 -0,30157 0,40945 -0,07998 0,34806 0,30960 -0,13611 0,56016 0,05629 0,76244 -0,91163 0,45256 0,11113 -0,31738 0,83299 0,15161 0,60476 0,83420 -0,84019 -0,08475 0,22896 0,57063 -0,38802 
-0,40091 -0,85251 -0,16557 -0,30904 -0,45662 0,95591 -0,24234 -0,01234 -0,55684 -0,69278 -0,71386 0,41258 0,65750 0,59768 0,12179 -0,23384 -0,98684 0,20963 -0,59179 0,58281 -0,79245 -0,13110 -0,23674 0,93591 0,67128 0,29185 0,09012 -0,93471 0,18936 0,43719 0,90147 -0,63444 
-0,74853 0,11021 -0,37603 0,09984 -0,90697 0,64751 -0,69056 -0,49311 0,61082 -0,95792 -0,36732 -0,04834 -0,04360 0,10378 0,83842 0,57699 0,05087 0,95437 0,28232 -0,39907 -0,34668 0,43080 0,56470 0,84432 -0,95932 -0,11223 0,36568 0,71815 -0,62304 0,22261 -0,82537 0,37672 
0,07294 0,26774 0,28985 -0,30573 0,45005 0,84198 0,98963 0,34755 -0,27358 0,37433 0,73242 0,97102 -0,68742 0,83317 -0,94263 0,22865 0,93793 0,65950 0,62917 -0,29565 -0,28993 -0,44793 -0,11395 0,73529 0,83811 -0,14504 0,60293 -0,88526 0,92078 -0,78483 0,93180 0,00940 
0,09296 -0,03041 -0,06826 0,10944 -0,86590 0,04187 0,20310 -0,54119 0,67013 -0,43953 -0,51186 -0,82987 0,74886 0,38232 -0,91931 0,32889 -0,93900 -0,03076 -0,44874 -0,61681 -0,54669 -0,91392 -0,98797 0,77690 0,77435 0,97023 0,55427 0,95383 0,40645 0,28128 -0,39013 -0,83213 
0,71078 0,76841 0,47192 -0,93081 -0,76253 -0,37159 -0,26350 0,85874 0,64795 0,47995 0,79680 -0,92531 -0,25481 -0,63369 0,41137 -0,75098 -0,60660 0,76683 -0,73500 0,77207 -0,94754 -0,51026 0,73736 0,78451 -0,03536 -0,32479 -0,93873 0,92096 -0,34903 -0,48346 -0,10590 0,70588 
-0,16829 -0,17303 0,01717 -0,08308 0,73212 0,23373 0,12854 0,56027 -0,93324 -0,30720 -0,22317 0,86518 -0,25543 0,41190 0,37601 -0,75765 -0,91102 0,21564 -0,81573 0,89242 0,38535 -0,52467 0,51603 -0,87703 0,84529 -0,75898 -0,59818 -0,91933 0,11891 -0,43322 0,87701 0,70920 
-0,20326 0,91290 -0,13227 -0,42907 0,50732 -0,96522 0,93741 -0,03756 0,28718 -0,87429 -0,12789 -0,22103 -0,98038 0,14005 -0,24092 0,65735 -0,39659 -0,03062 -0,50874 -0,48661 -0,97158 0,50739 0,23749 0,13312 -0,54140 -0,29263 0,65363 0,87339 -0,34409 -0,09896 0,55003 -0,79451 
-0,20564 -0,29026 -0,31365 -0,03751 0,11745 -0,49366 0,16697 0,47025 0,66216 -0,93190 0,70509 0,18432 -0,99506 -0,49593 0,06059 -0,46051 0,33794 -0,82690 -0,27815 0,09738 0,19248 -0,92742 0,73106 -0,24748 -0,73029 -0,07136 -0,66143 -0,15570 0,06645 -0,03190 -0,17640 -0,44430 
-0,37380 0,89723 0,28219 -0,83923 -0,04477 0,99352 0,78809 0,48215 0,35807 0,68466 -0,16242 -0,22271 -0,35691 0,06827 0,67250 -0,53575 0,89621 -0,83761 0,39064 0,95773 0,06540 -0,82877 0,89817 -0,18709 0,44416 0,02283 0,76956 0,24308 0,89801 0,02237 0,16874 0,32740 
0,87073 -0,27202 -0,13943 -0,28344 -0,38076 0,54243 -0,42180 0,79746 -0,17848 0,44732 -0,87725 0,73630 0,77159 -0,01301 0,85344 0,26619 0,27535 -0,57010 -0,07168 -0,64713 -0,29498 0,48673 -0,86855 0,84745 -0,29707 0,51298 -0,87386 -0,37294 -0,17716 0,75598 -0,45703 0,95524 
0,98038 -0,55517 0,52384 0,99398 0,98229 -0,77738 -0,49563 0,89706 -0,58698 -0,30108 0,55294 -0,71385 0,74928 0,70954 0,47568 -0,70562 0,87833 0,46221 -0,66180 0,74784 -0,42943 0,06408 0,15655 -0,70885 -0,64117 -0,00232 -0,77428 -0,19948 -0,12493 -0,46994 -0,64491 0,33809 
0,26382 -0,14588 -0,76706 -0,42553 -0,62799 0,55101 0,39977 -0,67470 -0,86335 0,74981 -0,37509 0,38908 0,76090 -0,41694 0,66327 0,23484 0,46342 -0,53851 -0,77282 -0,50107 0,01680 -0,26737 0,81732 -0,49259 0,72294 0,70213 0,33113 0,44999 -0,00120 0,60929 -0,16593 -0,64130 
-0,71556 0,35815 -0,05016 -0,51993 -0,17436 -0,58785 0,64341 -0,09331 -0,25986 0,37628 -0,16781 -0,89688 0,39440 0,93026 -0,94831 -0,21784 0,30041 0,06654 -0,44412 0,46330 0,76118 -0,00316 -0,60311 -0,81726 0,83949 0,23074 0,62135 0,58102 -0,26103 0,48314 0,43975 0,84157 
-0,91975 0,07713 -0,55988 0,36236 -0,71216 -0,14056 0,01093 -0,84120 -0,15750 -0,49844 -0,54991 -0,92956 0,51096 0,23673 -0,42713 0,65807 -0,32688 -0,21309 0,29888 -0,16251 -0,67899 -0,03429 0,11949 -0,85498 0,49476 0,26978 0,09472 -0,43473 -0,71080 0,92090 -0,02846 0,38318 
0,20646 0,41531 0,64491 -0,83765 -0,72254 0,64619 -0,71816 -0,98834 -0,22222 0,82566 0,09122 -0,39315 0,40128 0,17203 -0,91659 0,85472 0,30445 0,70041 0,70032 0,75442 0,25521 -0,63609 0,98164 0,98765 0,55579 0,22043 -0,73017 -0,89506 0,66458 0,92859 -0,79278 -0,83427 
0,80793 0,36877 -0,97210 0,28648 0,23336 0,38242 0,56865 -0,64263 -0,56121 0,11496 -0,46880 -0,06359 0,94180 0,07656 -0,11035 -0,05893 -0,97503 -0,46250 -0,90799 0,67874 -0,59965 -0,25266 0,97053 0,46317 0,40897 0,85963 0,19195 0,54401 -0,10027 0,34503 -0,04832 -0,54305 
-0,01479 -0,47347 0,68271 -0,16166 -0,97543 0,12384 0,10990 0,60607 -0,87913 -0,82732 -0,62318 0,24300 -0,75097 -0,45164 -0,73504 -0,13004 -0,21705 -0,30132 -0,23397 -0,31545 -0,60316 0,15311 -0,18926 -0,05177 0,11628 0,99641 -0,98595 -0,31789 0,81592 0,49813 -0,72184 -0,29408 
-0,33234 0,46146 0,54870 -0,68437 0,53875 0,79816 0,78963 0,03111 -0,63436 0,78384 -0,91467 -0,41595 0,34551 0,61582 0,70661 0,19189 0,20175 -0,54309 -0,19913 0,64099 -0,09395 -0,08781 -0,21921 0,70215 0,57157 0,12805 -0,61592 0,16359 -0,58596 -0,86112 0,50749 0,96450 
-0,63680 -0,91717 0,12895 -0,50041 0,52875 0,14247 -0,11200 0,07683 -0,19525 0,82206 0,27952 -0,90568 0,29663 -0,36107 -0,28649 0,28901 0,54937 0,69448 0,68941 -0,88457 -0,99375 -0,94466 0,27640 0,19783 0,65677 0,09641 -0,73972 -0,69478 0,31745 -0,70881 0,02309 -0,18031 
-0,33154 0,93359 -0,92551 0,33646 0,72255 -0,35952 -0,79388 0,56522 0,99638 -0,45220 -0,38626 0,53038 0,38629 0,60909 -0,23790 -0,04290 0,48548 0,09890 0,11206 0,18440 0,47414 0,40530 0,36763 -0,81333 -0,39815 0,74412 0,32558 -0,84820 -0,20633 0,77381 -0,96631 0,97258 
0,50334 -0,76862 0,53987 -0,65631 -0,22524 -0,77391 0,92112 -0,63742 -0,69480 0,51339 0,79189 0,25941 0,76346 -0,06750 -0,98208 0,30828 -0,99714 -0,59277 0,55185 0,24393 -0,11275 0,60139 0,44681 0,97048 0,12260 0,57085 -0,80834 0,53991 -0,89366 0,90284 0,27101 0,43374 
0,07864 0,50122 -0,82918 0,31713 0,62607 -0,48843 0,10475 -0,40997 -0,32628 0,82991 -0,09814 0,86957 -0,10037 -0,88615 0,75454 0,82934 -0,98923 0,16169 -0,92739 -0,98811 0,04953 0,77086 0,57119 -0,89460 0,61385 -0,38959 0,24570 0,32151 -0,62189 -0,71292 -0,26342 -0,37379 
-0,87980 -0,58774 0,03747 0,32571 -0,05475 0,05980 -0,53727 -0,53107 -0,36156 0,96749 0,20775 -0,50134 0,84874 0,41331 -0,66130 -0,79596 0,54065 -0,49679 0,24730 0,31962 -0,04301 1,01414 0,04242 -0,17082 0,36872 -0,88285 0,57448 0,06357 0,49109 -0,14766 -0,71841 -0,87659 
-0,18134 0,08188 0,02283 -0,89470 0,93767 0,15703 0,74888 -0,23682 -0,26262 0,48950 -0,88068 0,91514 0,99607 -0,25198 -0,23516 0,10003 -0,46060 0,25089 -0,16653 0,37516 -0,02652 0,55043 -0,53864 1,00028 0,35339 -0,65893 0,36686 0,57613 -0,01521 -0,53348 0,61577 0,55606 
-0,26618 -0,87215 0,53479 -0,49889 -0,55417 1,01358 0,36375 0,60746 0,23890 -0,01325 -0,29040 0,74757 -0,62183 -0,31607 0,00806 0,59161 1,04478 0,29482 0,74257 0,78167 -0,66445 -0,77394 0,71910 0,45640 0,75963 -0,30821 0,58664 0,06359 -0,67835 0,83588 0,89642 0,81251 
0,18190 0,57574 -0,47776 0,06857 0,79278 0,48766 -0,65625 -0,62366 1,00356 -0,26621 -0,58009 0,76766 -0,45376 1,08673 0,01329 -0,13525 0,83173 0,97363 0,19172 0,91256 0,10855 -0,31014 0,06797 -0,54113 -0,56106 -0,45931 0,34547 0,47362 0,69096 0,91569 -0,01867 -0,88878 
-0,79701 -0,45715 1,08536 1,06010 0,40748 0,41647 0,80721 0,92273 -0,82975 0,84225 0,11894 -0,43314 0,07587 0,36854 -0,87010 0,36621 -0,65897 -0,66285 0,14532 0,64404 -0,05408 0,77201 0,89509 -0,74120 -0,56940 0,53544 0,15913 0,03909 -0,04614 0,28532 0,21447 -0,42661 
0,04284 0,10324 0,43006 0,48355 -0,17393 -0,15284 0,26016 -0,45486 0,90682 -0,65795 0,65837 0,74666 -0,12592 -0,74579 -0,04447 -0,34672 0,81935 0,62474 0,80603 -0,81127 1,09615 0,41631 -0,76674 -0,68436 0,59072 0,61057 0,09625 -0,14448 -0,47585 0,96498 0,84569 0,32278 
-0,64141 0,11574 0,73375 -0,18753 1,04573 -0,02150 0,87760 -0,13943 0,69661 0,60877 -0,48830 -0,71205 -0,76914 -0,23869 -0,82023 -0,02221 -0,21722 -0,46455 -0,10403 -0,66466 -0,88594 0,79978 0,50257 0,79565 -0,38168 0,26574 -0,77208 0,39988 -0,60720 -0,13898 0,56033 -0,18544 
0,31851 0,96747 -0,32400 0,40120 0,51069 0,97530 1,09723 0,52120 -0,88968 0,42537 -0,59337 -0,79059 0,53705 0,15969 0,77204 -0,67759 0,52475 -0,58675 0,85333 -0,32616 -0,28693 0,63546 1,01147 -0,75363 0,80580 0,44527 -0,22974 -0,38817 -0,11868 -0,61195 0,44878 0,99032 
0,09692 -0,45863 -0,79030 0,45331 -0,54703 -0,05149 0,28820 -0,42659 -0,36156 -0,32979 1,00923 0,55723 -0,24242 -0,56967 -0,89508 0,79349 -0,13813 0,85130 0,90797 -0,24541 0,53117 -0,44888 0,51192 0,34664 0,01032 0,31301 0,17146 0,71225 0,89638 -0,26508 -0,20009 -0,73700 
0,08807 0,57299 0,14031 -0,22849 -0,57970 -0,82794 0,90738 -0,41993 -0,32900 -0,49177 -0,77876 -0,35686 0,18377 0,93421 -0,76131 0,70249 -0,33381 -0,22988 0,31832 0,85608 0,57554 0,23432 -0,48823 0,32904 -0,47929 0,90864 1,07732 -0,57307 -0,19031 0,71240 0,25818 0,30513 
0,82027 0,13420 0,95615 0,82350 0,83656 0,27945 -0,45560 -0,45968 -0,30623 0,88496 0,09169 0,96056 0,50161 0,97983 -0,67572 0,44538 -0,22483 0,46216 0,48727 0,43208 -0,05797 0,08890 1,04680 -0,07748 0,39619 -0,60384 0,36903 0,62589 0,97057 -0,75701 0,97814 0,11073 
-0,21796 -0,26202 -0,35057 0,40346 -0,30469 -0,43389 -0,43389 0,75472 0,26120 -0,74317 -0,52400 0,42183 -0,33473 -0,35028 1,03254 -0,42745 0,11696 -0,71204 -0,32652 -0,74382 0,65373 0,97979 -0,87235 -0,04713 0,79378 -0,55862 -0,56616 -0,43653 -0,08367 -0,04733 0,78245 0,96238 
0,96580 -0,82855 0,32328 -0,65813 -0,68658 -0,82859 -0,29973 -0,22059 0,97183 -0,01665 -0,02792 0,93286 0,97640 -0,06273 0,47155 0,27466 0,66505 0,42389 0,41284 0,91444 0,43162 0,02154 0,38421 -0,42794 0,81356 0,37752 0,64239 0,33762 -0,40874 0,93337 -0,11723 -0,51751 
0,55173 -0,11450 0,08284 -0,25812 0,75645 0,36646 -0,42332 -0,13572 0,38228 0,22829 -0,05441 0,48079 0,23067 0,36405 -0,03427 0,48997 0,22921 -0,77884 0,14428 0,27610 1,01030 0,33898 0,89251 -0,60090 -0,84139 0,76586 0,18177 -0,88484 -0,81377 0,32294 0,80848 0,13866 
0,44709 -0,26545 0,37450 0,71117 0,71642 0,02768 -0,04382 -0,79769 0,95916 -0,12992 -0,62628 0,70392 -0,36857 0,38709 -0,32028 0,10955 0,23108 -0,35096 0,89645 1,02619 -0,51446 1,04318 -0,75448 0,79425 -0,66371 0,18602 0,53495 -0,51318 0,51192 -0,13795 -0,01838 0,54969 
-0,06290 -0,74807 0,29328 -0,81839 -0,15284 0,24913 -0,42558 0,37949 1,04782 -0,15853 -0,31110 -0,34800 0,28440 -0,60687 0,84339 -0,15901 -0,31012 -0,56358 0,17875 -0,68360 -0,73113 0,47918 -0,33067 0,93978 -0,42384 -0,51368 -0,77547 0,00679 0,21769 0,02938 -0,20147 0,49205 
0,10609 -0,00639 0,98341 -0,13052 0,39247 0,33424 -0,01442 0,58576 -0,82857 -0,09253 -0,37741 -0,72244 -0,65196 -0,49687 0,18795 -0,30971 0,47979 -0,34551 0,99066 0,94497 -0,06590 -0,89763 0,34123 -0,32906 -0,57815 -0,69404 -0,85597 0,28729 -0,30323 -0,73974 -0,06096 -0,18104 
-0,53574 -0,11806 0,62296 0,80417 -0,65878 -0,55562 0,79388 -0,30905 -0,27295 -0,70800 0,15101 -0,15663 1,08079 -0,18527 0,16508 0,53496 0,28386 -0,58728 0,97793 0,34094 0,69917 -0,06791 1,02213 -0,26966 -0,85241 -0,19810 -0,56443 0,20584 0,04544 0,34694 -0,70495 0,03796 
0,71935 0,65055 -0,41445 -0,25805 0,22819 -0,88815 -0,44142 0,48606 -0,09997 -0,23493 0,37118 -0,45610 0,27247 0,08880 0,16892 0,76627 0,95261 -0,79740 0,58887 -0,69239 -0,54242 -0,73443 -0,08144 -0,74147 -0,39794 0,67893 0,68048 -0,06359 -0,32785 0,33292 0,80267 -0,76678 
-0,38907 -0,31748 0,74106 0,82927 -0,38629 -0,60982 0,68476 -0,75389 0,93237 0,21348 -0,34692 0,55883 -0,17680 0,68098 -0,33286 -0,34963 0,55913 0,95862 -0,03059 -0,56669 -0,39444 0,27285 -0,85552 1,05287 0,14795 -0,42785 0,13159 0,53584 -0,50561 -0,53370 0,94076 0,76957 
-0,79798 0,83479 0,32288 0,62956 0,78413 -0,75803 -0,45802 0,09372 -0,25286 -0,15025 0,31324 0,39148 0,14810 0,07561 -0,48585 0,90176 0,37553 -0,18416 0,42528 0,06603 0,29759 -0,14636 -0,46537 -0,29704 0,02628 0,23077 -0,14936 0,51468 0,65302 -0,73687 0,97950 -0,84358 
0,87629 -0,57705 -0,17322 0,40149 -0,39443 0,78582 0,25808 0,54989 -0,56038 0,37447 -0,58739 0,72567 0,30144 0,35092 -0,10858 0,16633 -0,82922 -0,37399 0,96638 0,82335 -0,69403 -0,56189 -0,77277 0,20817 -0,84088 -0,02435 -0,42575 0,76527 -0,17412 0,53786 -0,20908 0,41704 
0,58765 -0,23368 0,75478 0,02522 -0,66788 -0,21808 -0,10074 -0,76054 0,72631 -0,69433 -0,52509 -0,83416 -0,46890 0,80599 0,48976 0,67021 0,65914 1,07104 -0,87493 -0,77920 -0,38201 -0,12640 0,53662 1,01775 0,16568 0,75232 0,46933 0,58209 1,06807 -0,79616 -0,50580 -0,12955 
1,08536 0,46519 -0,13595 0,07747 0,68935 -0,30789 0,87702 -0,53943 0,35081 -0,05316 -0,47683 -0,14718 -0,15580 0,07278 -0,68238 -0,17976 -0,87200 0,31748 -0,35574 -0,51739 0,87210 0,70311 -0,56914 0,31079 0,17120 1,02170 0,76152 0,64516 -0,08544 0,29159 0,48838 0,68828 
-0,86863 0,75948 0,05295 -0,01743 0,53414 0,89268 0,50941 -0,46943 -0,71896 0,18572 0,05595 -0,70862 0,89698 -0,60070 -0,65995 -0,35705 -0,69857 -0,11097 0,95368 0,78152 -0,54340 1,06775 1,09212 -0,48207 1,04362 0,95904 -0,71288 -0,47631 1,08440 0,58055 0,67419 0,52426 
0,06118 1,08801 -0,33656 -0,68806 0,42425 -0,05053 -0,10808 -0,37130 0,04292 -0,27444 0,73546 0,83233 0,41303 0,81720 0,67275 0,41611 0,74989 0,26088 -0,50992 0,19920 -0,59987 -0,56480 -0,89321 -0,39239 0,28847 -0,66671 1,01932 -0,89545 0,01300 0,85226 0,63548 0,64858 
-0,75572 0,76214 0,32740 0,67512 -0,88463 0,75640 0,12719 -0,75997 -0,18899 -0,40565 -0,12324 0,75832 0,76655 0,32844 -0,40406 0,77918 0,37354 0,24458 -0,11818 0,93829 0,42651 0,96377 -0,48211 -0,82485 1,08687 1,07909 1,01837 -0,47677 0,13545 0,58501 -0,15565 -0,10870 
0,39377 0,28930 0,97316 -0,68769 1,09942 0,73840 -0,52108 0,70076 -0,49220 0,42587 0,00067 -0,30904 -0,51837 -0,10336 0,07353 -0,53298 -0,60989 0,86367 -0,28100 -0,36313 -0,74565 0,31542 0,24688 0,14108 -0,25181 -0,41888 -0,64540 -0,00505 -0,24830 -0,20243 -0,38550 -0,64466 
-0,49833 -0,82932 0,71436 -0,05945 1,06819 -0,13402 0,90057 0,66564 -0,85420 -0,59803 0,23163 -0,54563 -0,88386 0,01568 -0,85806 0,28494 -0,34834 0,90020 -0,06595 0,89083 -0,57318 0,60803 0,81014 0,93745 -0,18436 -0,65331 0,58994 0,06816 -0,57676 0,72971 0,99947 -0,14533 
-0,44190 -0,65058 0,73470 0,60498 -0,56221 0,14638 0,68916 -0,18949 0,52871 -0,05773 1,02030 0,62417 -0,68912 0,54341 0,71868 1,01944 0,68357 0,97300 0,26190 0,64747 -0,37480 0,42364 0,18537 -0,70141 -0,82994 0,04959 -0,45184 0,23180 1,06090 -0,24986 -0,15189 0,30469 
-0,48041 -0,58636 -0,11731 0,47595 -0,08070 0,90050 0,47934 0,72634 0,39192 -0,46949 -0,85398 0,45190 0,52726 -0,53865 1,08621 -0,55410 -0,87181 0,00615 -0,53529 0,07559 -0,22231 0,79431 0,13310 -0,46764 0,83457 0,53525 -0,69758 0,25885 -0,48593 0,55999 0,63325 -0,07805 
0,10944 0,69102 1,00097 0,81743 0,20705 -0,89954 0,18878 -0,30563 -0,09875 0,88300 -0,66605 -0,14352 -0,71464 -0,37026 0,95280 0,00400 -0,28707 -0,62376 0,78634 0,83446 -0,74978 0,85834 -0,31722 0,67438 0,70113 -0,14619 0,81651 -0,40251 -0,43844 0,82750 -0,02642 -0,33830 
